,language_pair,loan_word,original_word,loan_word_epitran,original_word_epitran,loan_english,original_english,Fast Levenshtein Distance Div Maxlen,Dolgo Prime Distance Div Maxlen,Feature Edit Distance Div Maxlen,Hamming Feature Distance Div Maxlen,Weighted Feature Distance Div Maxlen,Partial Hamming Feature Distance Div Maxlen,mbert_cos,xlm_cos,indic_bert_cos,muril_cos,label
0,Assamese-Bengali,আক,একলা,ak,ekɔla,Let's go,Alone,0.8,0.6,0.55,0.6083333333333334,4.45,0.6083333333333334,0.8948097229003906,0.6733882427215576,0.9965909719467164,0.9990112185478208,loan
1,Assamese-Bengali,টকা,টাং,tɔka,ʈaŋ,Money,Tang,1.0,0.5,0.3072916666666667,0.3333333333333333,3.0625,0.3333333333333333,0.922396957874298,0.7524515390396118,0.9944941997528076,0.9986751079559326,loan
2,Assamese-Bengali,গোহাঁই,গোসাঁই,gʊɦãi,ɡoʃãi,Gohain,Gosain,0.6,0.5,0.225,0.25,2.175,0.2458333333333333,0.971019685268402,0.915464162826538,0.9933890700340272,0.9974465370178224,loan
3,Assamese-Bengali,অৱতাৰ,অবতার,ɔwtaɹ,obt̪ar,The incarnation,Avatar,0.6666666666666666,0.2,0.1083333333333333,0.125,2.2,0.1083333333333333,0.8365401029586792,0.5600199699401855,0.9978079199790956,0.9998297691345216,loan
4,Assamese-Bengali,শুকান,শুখা,xukan,ʃukʰa,dry,Dry,0.6,0.4,0.2208333333333333,0.2416666666666666,1.825,0.2375,0.934545636177063,0.8743311762809753,0.9988088011741638,0.9976910352706908,loan
5,Assamese-Bengali,খানা,খাদ্য,kʰana,kʰad̪d͡zɔ,Food,Food,0.6666666666666666,0.4,0.2416666666666666,0.2583333333333333,2.35,0.2583333333333333,0.5379968881607056,0.5878589153289795,0.9988365173339844,0.9996958374977112,loan
6,Assamese-Bengali,সমান,সমানে,xɔman,ʃɔman̪e,Equal,Equally,0.4285714285714285,0.3333333333333333,0.1805555555555555,0.2013888888888888,1.5208333333333333,0.1979166666666666,0.9138481616973876,0.6732140779495239,0.9996973276138306,0.9998733997344972,loan
7,Assamese-Bengali,মৈহ,মহিষ,mɔɪɦ,mɔɦiʃ,Maih,The buffalo,0.6,0.4,0.2166666666666666,0.2416666666666667,2.075,0.2375,0.93268483877182,0.6959085464477539,0.9946342706680298,0.9956295490264891,loan
8,Assamese-Bengali,কি,ক্যা,ki,kæ,What?,Kya,0.5,0.0,0.0416666666666666,0.0416666666666666,0.5,0.0416666666666666,0.9082254767417908,0.5702677965164185,0.9986161589622498,0.9986101984977722,loan
9,Assamese-Bengali,তাম,তামা,tam,t̪ama,copper,Copper,0.4,0.25,0.234375,0.2604166666666667,1.875,0.2604166666666667,0.9698966145515442,0.8104977011680603,0.9995192885398864,0.9982415437698364,loan
10,Assamese-Bengali,গোসাঞি,গোসাঁই,gʊxani,ɡoʃãi,Gosani,Gosain,0.8333333333333334,0.4,0.225,0.2666666666666666,3.475,0.225,0.8479816913604736,0.8325374126434326,0.9963895678520204,0.9965672492980956,loan
11,Assamese-Bengali,কাণ,কান,kan,kan̪,ear,Ears,0.25,0.0,0.0138888888888888,0.0138888888888888,0.0833333333333333,0.0138888888888888,0.926588237285614,0.7102300524711609,0.9995266795158386,0.9996439814567566,loan
12,Assamese-Bengali,টকা,ঠেং,tɔka,ʈʰeŋ,Money,The tail,1.0,0.5,0.3072916666666667,0.3333333333333333,3.0,0.3333333333333333,0.8931822180747986,0.6810374855995178,0.9998169541358948,0.9997172355651855,loan
13,Assamese-Bengali,জনা,জানা,zɔna,d͡ʑan̪a,know,To know,0.7142857142857143,0.25,0.1041666666666666,0.1041666666666666,1.1875,0.1041666666666666,0.9250904321670532,0.5298526287078857,0.999429166316986,0.9998810887336732,loan
14,Assamese-Bengali,ক্ৰিয়া,ক্রিয়া,kɹija,krie̯a,Action,Verbs,0.5,0.0,0.05,0.075,0.875,0.05,0.8471578359603882,0.8596051931381226,0.9985761642456056,0.9996260404586792,loan
15,Assamese-Bengali,ঠেং,টাকা,tʰɛŋ,ʈaka,The tail,Money,1.0,0.5,0.296875,0.3229166666666666,2.875,0.3229166666666666,0.8406855463981628,0.7046963572502136,0.9999096393585204,0.9996840953826904,loan
16,Assamese-Bengali,নিয়ৰ,নীহারিকা,nijɔɹɔ,n̪iɦarika,Snow,Nebula,0.7777777777777778,0.25,0.3020833333333333,0.3385416666666666,3.03125,0.3281249999999999,0.9118926525115968,0.6141657829284668,0.994957447052002,0.9962336421012878,loan
17,Assamese-Bengali,বৃশ্চিক,বিছা,bɽixsik,bit͡ɕʰa,Scorpio,Scorpion,0.8571428571428571,0.4285714285714285,0.4226190476190476,0.4761904761904762,3.6607142857142856,0.4732142857142857,0.8724803924560547,0.5005213618278503,0.9979406595230104,0.9971914291381836,loan
18,Assamese-Bengali,লোণ,লবণ,lʊn,lɔbɔnɔ,Salt,Salt,0.6666666666666666,0.5,0.4548611111111111,0.5069444444444444,3.7083333333333335,0.5069444444444444,0.9558815956115724,0.8100830316543579,0.9952011108398438,0.9978565573692322,loan
19,Assamese-Bengali,মুহ,মু,muɦ,mu,Muh,Mu,0.3333333333333333,0.3333333333333333,0.2986111111111111,0.3333333333333333,2.4166666666666665,0.3333333333333333,0.9162191152572632,0.7742176055908203,0.999516785144806,0.9988576769828796,loan
20,Assamese-Bengali,পখিলা,পাখা,pɔkʰila,pakʰa,butterfly,Fan,0.4285714285714285,0.3333333333333333,0.3298611111111111,0.3611111111111111,2.708333333333333,0.3611111111111111,0.906258225440979,0.7222570180892944,0.9973058700561525,0.9977006912231444,loan
21,Assamese-Bengali,ৰচনা,রচনা,ɹɔsɔna,rɔt͡ɕɔn̪a,essay,Composition,0.5555555555555556,0.1666666666666666,0.0694444444444444,0.0833333333333333,1.0833333333333333,0.0694444444444444,0.8090748786926271,0.5042888522148132,0.9988536834716796,0.999408721923828,loan
22,Assamese-Bengali,ৰাং,রাং,ɹaŋ,raŋ,Rang,Rang,0.3333333333333333,0.0,0.0555555555555555,0.0833333333333333,1.1666666666666667,0.0555555555555555,0.788628876209259,0.7213094830513,0.997527837753296,0.9992601275444032,loan
23,Assamese-Bengali,মুঠা,মুঠি,mutʰa,muʈʰi,A handful,Fist,0.4,0.0,0.03125,0.03125,0.375,0.03125,0.9742863774299622,0.803374707698822,0.9993900060653688,0.9992504119873048,loan
24,Assamese-Bengali,শনিবাৰ,শনিবার,xɔnibaɹ,ʃɔn̪ibar,Saturday,Saturday,0.375,0.1428571428571428,0.0505952380952379,0.0654761904761904,0.7678571428571429,0.0505952380952379,0.9038487076759338,0.7697734236717224,0.9992125630378724,0.9981034398078918,loan
25,Assamese-Bengali,ধোঁৱা,ধোঁয়া,dʰʊ̃wa,d̪ʱõe̯a,smoke,Smoke,0.7142857142857143,0.25,0.09375,0.1041666666666666,0.90625,0.09375,0.9282121658325196,0.8177294135093689,0.9988019466400146,0.9959301948547364,loan
26,Assamese-Bengali,কালি,কলা,kali,kɔla,yesterday,Banana,0.5,0.0,0.0625,0.0625,0.6875,0.0625,0.903398096561432,0.6169573664665222,0.9967146515846252,0.9997448325157166,loan
27,Assamese-Bengali,লাও,লাউ,laʊ,lau,Lao,Lau,0.3333333333333333,0.0,0.0277777777777777,0.0277777777777777,0.25,0.0277777777777777,0.8266409039497375,0.6765662431716919,0.9967201948165894,0.9998155236244202,loan
28,Assamese-Bengali,ৰঙা,রং,ɹɔŋa,rɔŋ,red,Color,0.5,0.25,0.265625,0.3125,2.6875,0.2916666666666667,0.8918046951293945,0.6174232363700867,0.9998776912689208,0.9996155500411988,loan
29,Assamese-Bengali,সন্ধিয়া,সাঁঝ,xɔndʰija,ʃãd͡ʑʱɔ,evening,Evening,0.875,0.7142857142857143,0.4851190476190475,0.5297619047619048,4.196428571428571,0.5238095238095237,0.8823111057281494,0.6917768120765686,0.9991691112518308,0.997950315475464,loan
30,Assamese-Bengali,পানী,পানীয়,pani,pan̪ie̯,water,Drinks,0.4285714285714285,0.2,0.1875,0.2083333333333333,1.5,0.2083333333333333,0.8847489953041077,0.7102280855178833,0.9993327856063844,0.999554455280304,loan
31,Assamese-Bengali,চকৰ,চাকা,sɔkɔɹɔ,t͡ɕaka,Chakar,The wheel,1.0,0.5,0.3923611111111111,0.4236111111111111,3.458333333333333,0.4236111111111111,0.8250657320022583,0.5943693518638611,0.9993155598640442,0.9970171451568604,loan
32,Assamese-Bengali,ঘড়ী,ঘড়ি,gʱɔɹi,gʱɔɽi,clock,The clock,0.2,0.0,0.0694444444444444,0.0972222222222222,1.3333333333333333,0.0694444444444444,0.8858433365821838,0.8825657963752747,0.9983189702033995,0.9985682964324952,loan
33,Assamese-Bengali,ব্যাকৰণ,ব্যাকরণ,biakɔɹɔnɔ,bækɔrɔnɔ,Grammar,Grammar,0.3333333333333333,0.1111111111111111,0.1180555555555555,0.1388888888888889,1.1944444444444444,0.1296296296296296,0.928741693496704,0.7855126261711121,0.9980798959732056,0.9997207522392272,loan
34,Assamese-Bengali,চাক,চাকা,sak,t͡ɕaka,Wheels,The wheel,0.6666666666666666,0.5,0.2760416666666667,0.3020833333333333,2.5,0.3020833333333333,0.9185814261436462,0.8862834572792053,0.999176561832428,0.9992085695266724,loan
35,Assamese-Bengali,আগুনি,আগুন,aguni,aɡun̪,Fire,Fire,0.4,0.5,0.2604166666666667,0.3020833333333333,3.6875,0.2604166666666667,0.9376559853553772,0.7323889732360841,0.9958029985427856,0.9977842569351196,loan
36,Assamese-Bengali,বৈনী,বোন,bɔɪni,bon̪,Baini,Sister,0.6,0.4,0.375,0.4166666666666667,3.0,0.4166666666666667,0.8483569025993347,0.6940174102783203,0.9978376626968384,0.9983533620834352,loan
37,Assamese-Bengali,চান,চাঁদ,san,t͡ɕãd̪ɔ,Want,The moon,1.0,0.6666666666666666,0.3177083333333333,0.34375,3.3125,0.34375,0.6761544942855835,0.6655839085578918,0.9991584420204164,0.9997708201408386,loan
38,Assamese-Bengali,শ্রী,শ্রীবৃক্ষ,xɹi,ʃribɽikkʰɔ,Mr.,Srivriksha,0.9,0.7777777777777778,0.625,0.7129629629629629,5.402777777777778,0.7013888888888888,0.923131227493286,0.8254263401031494,0.999233067035675,0.996766984462738,loan
39,Assamese-Bengali,লহুন,রসুন,lɔɦun,rɔʃun̪,Blood,Garlic,0.5,0.2,0.0625,0.0833333333333333,0.925,0.0625,0.9332149624824524,0.7399226427078247,0.996277928352356,0.995316207408905,loan
40,Assamese-Bengali,ৰঙা,রাং,ɹɔŋa,raŋ,red,Rang,0.75,0.25,0.3072916666666667,0.3541666666666666,3.125,0.3333333333333333,0.8415406942367554,0.7465512156486511,0.9980382919311525,0.9992169141769408,loan
41,Assamese-Bengali,চকা,চাকা,sɔka,t͡ɕaka,wheel,The wheel,0.6666666666666666,0.25,0.09375,0.09375,1.125,0.09375,0.9170917868614196,0.6538639664649963,0.9960665106773376,0.9975738525390624,loan
42,Assamese-Bengali,গাঁউ,গাঁও,gãu,ɡão,Village,The village,0.6666666666666666,0.5,0.3263888888888889,0.3611111111111111,2.75,0.3611111111111111,0.9387259483337402,0.6215727925300598,0.9985837936401368,0.9946643114089966,loan
43,Assamese-Bengali,আগুনি,অগ্নি,aguni,oɡn̪i,Fire,Fire,0.8,0.25,0.1145833333333333,0.125,2.53125,0.1145833333333333,0.9120674729347228,0.7410076856613159,0.9957842230796814,0.9984537363052368,loan
44,Assamese-Bengali,আঠ,আষ্ট,atʰ,aʃʈɔ,eight,Eight,0.75,0.5,0.4739583333333333,0.5208333333333333,3.8125,0.5208333333333333,0.9083547592163086,0.7435644865036011,0.9988684058189392,0.9986358284950256,loan
45,Assamese-Bengali,টকা,টেহা,tɔka,ʈeɦa,Money,Teha,0.75,0.25,0.09375,0.09375,1.5,0.09375,0.9032002687454224,0.6383771896362305,0.9996742010116576,0.9978294968605042,loan
46,Assamese-Bengali,চাকি,চাকা,saki,t͡ɕaka,Candles,The wheel,0.6666666666666666,0.25,0.0729166666666666,0.0729166666666666,0.9375,0.0729166666666666,0.9008076190948486,0.8774087429046631,0.9992447495460508,0.9980537295341492,loan
47,Assamese-Bengali,পুথি,পুস্তক,putʰi,puʃt̪ɔkɔ,The book,Books,0.625,0.4285714285714285,0.4226190476190476,0.4642857142857142,3.4285714285714284,0.4642857142857142,0.8974306583404541,0.7744677662849426,0.9974029064178468,0.999109983444214,loan
48,Assamese-Bengali,মাকৈ,মকাই,makɔɪ,mɔkai,corn,Maize,0.6,0.0,0.075,0.075,0.75,0.075,0.9292162656784058,0.7862934470176697,0.9989088177680968,0.998522400856018,loan
49,Assamese-Bengali,সাপ,সর্প,xap,ʃɔrpɔ,Snake,The snake,0.8,0.6,0.4083333333333334,0.4666666666666666,3.575,0.4625,0.8405910730361938,0.5983121991157532,0.9997738003730774,0.9983076453208924,loan
50,Assamese-Bengali,আঁহ,অংশু,ãɦɔ,oŋʃu,Fiber,Anshu,1.0,0.75,0.3333333333333333,0.3645833333333333,3.25,0.359375,0.869806706905365,0.8259573578834534,0.9969292283058168,0.9987198710441588,loan
51,Assamese-Bengali,কাছু,কাছ,kasu,kat͡ɕʰ,Something,Near,0.6666666666666666,0.5,0.2864583333333333,0.3125,2.5625,0.3125,0.8760320544242859,0.5198234915733337,0.9974092841148376,0.998073399066925,loan
52,Assamese-Bengali,মঙহ,মাংস,mɔŋɔɦɔ,maŋʃɔ,Meat,Meat,0.5,0.3333333333333333,0.2013888888888888,0.2222222222222222,1.9791666666666667,0.21875,0.8671860098838806,0.6738026142120361,0.9959476590156556,0.9961711168289183,loan
53,Assamese-Bengali,কলা,কালি,kɔla,kali,Banana,yesterday,0.5,0.0,0.0625,0.0625,0.6875,0.0625,0.9034579992294312,0.6169573664665222,0.998230755329132,0.999644696712494,loan
54,Assamese-Bengali,কাণ,কর্ণ,kan,kɔrnɔ,ear,Ears,0.6,0.4,0.3791666666666667,0.4333333333333334,3.25,0.4333333333333334,0.8980881571769714,0.6354708671569824,0.9984732270240784,0.9997608661651612,loan
55,Assamese-Bengali,গেলা,গলা,gɛla,ɡɔla,Swallow,Throat,0.5,0.25,0.2447916666666666,0.2708333333333333,2.0625,0.2708333333333333,0.8861142992973328,0.8586688041687012,0.9953450560569764,0.9981741309165956,loan
56,Assamese-Bengali,সঁচা,হাচা,xɔ̃sa,ɦat͡ɕa,true,Hacha,0.8333333333333334,0.5,0.1458333333333333,0.1458333333333333,2.0625,0.1458333333333333,0.9408519864082336,0.796481728553772,0.9989369511604308,0.9987921714782716,loan
57,Assamese-Bengali,পুৰুষ,পুরুষ,puɹux,puruʃ,male,Men,0.4,0.2,0.0625,0.0833333333333333,1.025,0.0625,0.7637459635734558,0.6749327182769775,0.9999223947525024,0.9994620084762572,loan
58,Assamese-Bengali,চান্দ,চান,sandɔ,t͡ɕan̪,Chand,Want,0.8333333333333334,0.6,0.4125,0.45,3.5,0.45,0.8914493918418884,0.6065380573272705,0.9996218681335448,0.9984611868858336,loan
59,Assamese-Bengali,মৈহ,ভইষ,mɔɪɦ,bʱiʃ,Maih,Fear,1.0,0.75,0.2916666666666667,0.3229166666666667,3.21875,0.3177083333333333,0.9153059720993042,0.7369096279144287,0.9985241889953612,0.9955025315284728,loan
60,Assamese-Bengali,ৰবিবাৰ,রবিবার,ɹɔbibaɹ,rɔbibar,Sunday,Sunday,0.2857142857142857,0.0,0.0476190476190476,0.0714285714285714,1.0,0.0476190476190476,0.9009596705436708,0.5882399082183838,0.99652361869812,0.9976667761802672,loan
61,Assamese-Bengali,কল,কেলা,kɔlɔ,kela,Call,The banana,0.5,0.0,0.0729166666666666,0.0729166666666666,0.75,0.0729166666666666,0.8934103846549988,0.6917720437049866,0.9984055161476136,0.9989678263664246,loan
62,Assamese-Bengali,দীঘ,ডাঙর,digʱ,ɖaŋɔrɔ,Long,Strong,1.0,0.6666666666666666,0.6076388888888891,0.6875,5.083333333333333,0.6875,0.866416335105896,0.58580082654953,0.9989457726478576,0.9981672167778016,loan
63,Assamese-Bengali,ৰাষ্ট্ৰ,রাষ্ট্র,ɹaxtɹɔ,raʃʈrɔ,The State,State,0.6666666666666666,0.1666666666666666,0.0868055555555555,0.1180555555555555,1.5208333333333333,0.0868055555555555,0.6163332462310791,0.776870846748352,0.999420702457428,0.9995691776275636,loan
64,Assamese-Bengali,উত্তৰ,উত্তর,uttɔɹɔ,ut̪t̪ɔrɔ,answer,The answer,0.375,0.0,0.0416666666666666,0.0555555555555555,0.6666666666666666,0.0416666666666666,0.6989218592643738,0.7647960782051086,0.9989320635795592,0.9997406601905824,loan
65,Assamese-Bengali,অংক,অঙ্ক,ɔŋkɔ,oŋkɔ,Math,The numbers,0.25,0.0,0.0104166666666666,0.0104166666666666,0.0625,0.0104166666666666,0.9459365606307985,0.6664331555366516,0.999638557434082,0.9995921850204468,loan
66,Assamese-Bengali,মঙলবাৰ,মঙ্গলবার,mɔŋɔlɔbaɹ,mɔŋɡɔlɔbar,It's Tuesday,Tuesday,0.2,0.1,0.10625,0.125,1.075,0.1166666666666666,0.9409530758857728,0.7156404852867126,0.9988726973533628,0.9936495423316956,loan
67,Assamese-Bengali,ডিমা,ডিম,dima,ɖim,Dima,Eggs,0.5,0.25,0.234375,0.2604166666666667,1.9375,0.2604166666666667,0.9411411285400392,0.7239173650741577,0.9992108345031738,0.9994498491287231,loan
68,Assamese-Bengali,দুৱাৰ,দ্বার,duwaɹ,d̪ar,The door,The door,0.6,0.4,0.4,0.4583333333333333,3.65,0.4416666666666667,0.8241453766822815,0.6474062204360962,0.9945068955421448,0.9995301365852356,loan
69,Assamese-Bengali,গিলা,গলা,gila,ɡɔla,Swallow,Throat,0.5,0.25,0.265625,0.2916666666666667,2.25,0.2916666666666667,0.8492233753204346,0.8812142610549927,0.9952481985092164,0.9985111355781556,loan
70,Assamese-Bengali,শিকোৱা,শিক্ষা,xikʊwa,ʃikkʰa,teaching,Education,0.5,0.5,0.2222222222222222,0.2430555555555555,2.5625,0.2395833333333333,0.62889564037323,0.8629765510559082,0.9993137121200562,0.9969102144241332,loan
71,Assamese-Bengali,পোনা,পোলা,pʊna,pola,Pona,Pola,0.5,0.25,0.0520833333333333,0.0520833333333333,0.6875,0.0520833333333333,0.8651359677314758,0.8859043121337891,0.9993057250976562,0.9992123246192932,loan
72,Assamese-Bengali,সকলো,হক্কল,xɔkɔlʊ,ɦɔkkɔlɔ,everything,Haqkal,0.4285714285714285,0.2857142857142857,0.1577380952380952,0.1726190476190476,1.5714285714285714,0.1726190476190476,0.8395036458969116,0.6777084469795227,0.997503101825714,0.9983549118041992,loan
73,Assamese-Bengali,বঙালী,বাঙ্গালী,bɔŋali,baŋɡali,Bengali,Bengali,0.2857142857142857,0.1428571428571428,0.1517857142857142,0.1666666666666666,1.2857142857142858,0.1666666666666666,0.8913454413414001,0.7569032311439514,0.9986352920532228,0.9993842244148254,loan
74,Assamese-Bengali,আমি,আঁই,ami,ãi,I,I am,0.6666666666666666,0.6666666666666666,0.3125,0.3472222222222222,2.583333333333333,0.3472222222222222,0.6824624538421631,0.6302908062934875,0.9985576868057252,0.99941086769104,loan
75,Assamese-Bengali,এক,একলা,ɛk,ekɔla,One,Alone,0.8,0.6,0.55,0.6083333333333334,4.4,0.6083333333333334,0.920578122138977,0.628900945186615,0.9965800642967224,0.9994990229606628,loan
76,Assamese-Bengali,ভজা,ভাজা,bʰɔza,bʱad͡ʑa,Fried,Fried,0.7142857142857143,0.25,0.1041666666666666,0.1041666666666666,1.1875,0.1041666666666666,0.9257422685623168,0.8524996042251587,0.9997416138648988,0.99863463640213,loan
77,Assamese-Bengali,মুঠি,মুঠা,mutʰi,muʈʰa,Fist,A handful,0.4,0.0,0.03125,0.03125,0.375,0.03125,0.9742562770843506,0.803374707698822,0.9998080730438232,0.9992754459381104,loan
78,Assamese-Bengali,বঙালী,বাঙালি,bɔŋali,baŋali,Bengali,Bengali,0.1666666666666666,0.0,0.0277777777777777,0.0277777777777777,0.2916666666666667,0.0277777777777777,0.3752039968967438,0.6175673604011536,0.9999210238456726,0.9995261430740356,loan
79,Assamese-Bengali,লহুন,রউন,lɔɦun,run̪,Blood,Rune,0.8,0.4,0.3916666666666667,0.4499999999999999,3.25,0.4333333333333333,0.8782098889350891,0.6840513944625854,0.9991841912269592,0.9971636533737184,loan
80,Assamese-Bengali,কাচ,কাঁচ,kas,kãt͡ɕɔ,Glass,Glass,0.8333333333333334,0.6666666666666666,0.2864583333333333,0.3125,2.625,0.3125,0.9645016193389891,0.7861839532852173,0.9996864795684814,0.9992234706878662,loan
81,Assamese-Bengali,বঙালী,বাংলা,bɔŋali,baŋla,Bengali,Bengali,0.5,0.1666666666666666,0.1909722222222222,0.2083333333333333,1.6666666666666667,0.2083333333333333,0.7997565269470215,0.5693972706794739,0.9999189972877502,0.9995658993721008,loan
82,Assamese-Bengali,টকা,টাকা,tɔka,ʈaka,Money,Money,0.5,0.0,0.0520833333333333,0.0520833333333333,0.5625,0.0520833333333333,0.9004997611045837,0.6420102715492249,0.9998741745948792,0.9997807145118712,loan
83,Assamese-Bengali,শেলাই,শৈবাল,xɛlai,ʃojbalɔ,Seams,Algae,0.8571428571428571,0.4285714285714285,0.3541666666666666,0.3869047619047618,3.321428571428572,0.3809523809523809,0.8861422538757324,0.7273820638656616,0.9999330639839172,0.9984180927276612,loan
84,Assamese-Bengali,বুধবাৰ,বুধবার,budʰbaɹ,bud̪ʱɔbar,Wednesday,Wednesday,0.4444444444444444,0.1428571428571428,0.1636904761904762,0.1904761904761904,1.6071428571428572,0.1785714285714285,0.9304407238960266,0.6562539339065552,0.998757541179657,0.9982630014419556,loan
85,Assamese-Bengali,কচু,কচুয়া,kɔsu,kɔt͡ɕue̯a,Kachu,Kachua,0.6666666666666666,0.5,0.3333333333333333,0.3680555555555555,2.875,0.3680555555555555,0.945840060710907,0.6128230094909668,0.9994364380836488,0.9976901412010192,loan
86,Assamese-Bengali,ধৰ্ম,ধর্ম,dʰɔɹmɔ,d̪ʱɔrmɔ,religion,Religion,0.4285714285714285,0.0,0.05,0.0666666666666666,0.8,0.05,0.7951057553291321,0.7872340083122253,0.9997979998588562,0.9998472929000854,loan
87,Assamese-Bengali,পোৱালী,পোলা,pʊwali,pola,The puppy,Pola,0.6666666666666666,0.3333333333333333,0.3263888888888889,0.3611111111111111,2.708333333333333,0.3611111111111111,0.8480932712554932,0.7823452949523926,0.9991909265518188,0.9988054037094116,loan
88,Assamese-Bengali,বঙালী,বঙ্গ,bɔŋali,bɔŋɡɔ,Bengali,Bengal,0.5,0.3333333333333333,0.2291666666666667,0.25,2.4375,0.2465277777777778,0.8088847398757935,0.8030872941017151,0.9990188479423524,0.9994882345199584,loan
89,Assamese-Bengali,ভনী,বোন,bʰɔni,bon̪,Sister,Sister,0.6,0.25,0.2552083333333333,0.28125,2.0,0.28125,0.8794052004814148,0.6391738057136536,0.9977146983146667,0.9982019066810608,loan
90,Assamese-Bengali,প্ৰাচীন,প্রাচীন,pɹasin,prat͡ɕin̪,Ancient,Ancient,0.5555555555555556,0.1666666666666666,0.0694444444444444,0.0833333333333333,1.0833333333333333,0.0694444444444444,0.7734997272491455,0.8392791152000427,0.9994421005249025,0.999761164188385,loan
91,Assamese-Bengali,সন্ধিয়া,সন্ধ্যা,xɔndʰija,ʃɔn̪d̪ʱæ,evening,Evening,0.75,0.4285714285714285,0.2946428571428571,0.3273809523809524,2.4107142857142856,0.3244047619047618,0.9171110987663268,0.8175927400588989,0.998341143131256,0.9996277093887328,loan
92,Assamese-Bengali,বলিয়া,বাউল,bɔlija,baulɔ,Saying,Bowl,0.8333333333333334,0.1666666666666666,0.2673611111111111,0.2847222222222222,2.7291666666666665,0.28125,0.9129900932312012,0.66325843334198,0.9983215928077698,0.9989691376686096,loan
93,Assamese-Bengali,বঙহ,বাঁশ,bɔŋɔɦɔ,bãʃɔ,বংহ,Bamboo,0.6666666666666666,0.6666666666666666,0.3576388888888889,0.3958333333333332,3.270833333333333,0.3923611111111111,0.7762606739997864,0.6661988496780396,0.9957422614097596,0.9944233894348145,loan
94,Assamese-Bengali,ভকত,ভাত,bʰɔkɔtɔ,bʱat̪,The devotee,Rice,0.7142857142857143,0.5,0.4895833333333333,0.5416666666666666,4.0,0.5416666666666666,0.9196363091468812,0.8067938685417175,0.992725133895874,0.9987229704856871,loan
95,Assamese-Bengali,অগ্নি,আগুন,ɔgni,aɡun̪,Fire,Fire,0.8,0.5,0.3697916666666666,0.3958333333333333,3.78125,0.390625,0.8255609273910522,0.5275846719741821,0.9998780488967896,0.9993711113929749,loan
96,Assamese-Bengali,পুহ,পোষ,puɦ,poʃ,Puh,Pet,0.6666666666666666,0.3333333333333333,0.0763888888888889,0.0833333333333333,1.2916666666666667,0.0763888888888889,0.9452135562896729,0.83423912525177,0.9956170320510864,0.9978398084640504,loan
97,Assamese-Bengali,ঠেং,টেহা,tʰɛŋ,ʈeɦa,The tail,Teha,1.0,0.5,0.296875,0.3229166666666666,2.6875,0.3229166666666666,0.8998979926109314,0.7721473574638367,0.9995874762535096,0.9979287385940552,loan
98,Assamese-Bengali,চ’ত,চৈত,sɔ’tɔ,t͡ɕojt̪,Four,Chait,0.8571428571428571,0.75,0.2395833333333333,0.2604166666666666,4.4375,0.2395833333333333,0.8170848488807678,0.7070775628089905,0.9974842071533204,0.9972412586212158,loan
99,Assamese-Bengali,ব্যৱহাৰ,ব্যবহার,bzɔwɔɦaɹ,bd͡zɔbɔɦar,use,Use,0.4,0.25,0.0677083333333333,0.078125,1.5,0.0677083333333333,0.7761485576629639,0.7378839254379272,0.9994142055511476,0.9998769164085388,loan
100,Assamese-Bengali,বিহ,বিষ,biɦ,biʃ,poison,Poison,0.3333333333333333,0.3333333333333333,0.0486111111111111,0.0555555555555555,0.9583333333333334,0.0486111111111111,0.5554104447364807,0.698030948638916,0.998436450958252,0.9983062744140624,loan
101,Assamese-Bengali,মাকৈ,মাহই,makɔɪ,maɦi,corn,Mahi,0.6,0.4,0.2291666666666666,0.25,2.35,0.25,0.9283744692802428,0.7995784282684326,0.9952290654182434,0.9989675283432008,loan
102,Assamese-Bengali,দীঘা,ডাঙর,digʱa,ɖaŋɔrɔ,Digha,Strong,1.0,0.5,0.4861111111111111,0.548611111111111,4.166666666666667,0.548611111111111,0.9060202240943908,0.710252583026886,0.9957666993141174,0.9974578619003296,loan
103,Assamese-Bengali,সাঁচ,সাঁচা,xãsɔ,ʃãt͡ɕa,Templates,True,0.8333333333333334,0.6666666666666666,0.1302083333333333,0.1354166666666666,1.53125,0.1302083333333333,0.9317405223846436,0.8642534017562866,0.9987458586692808,0.998287558555603,loan
104,Assamese-Bengali,হিয়া,হৃদয়,ɦija,ɦɽid̪e̯ɔ,Heart,Heart,0.75,0.3333333333333333,0.3333333333333333,0.3819444444444444,2.8541666666666665,0.375,0.9065501689910888,0.7157903909683228,0.9987114071846008,0.9988890290260316,loan
105,Assamese-Bengali,দীঘল,ডাঙর,digʱɔlɔ,ɖaŋɔrɔ,long,Strong,0.7142857142857143,0.1666666666666666,0.1909722222222222,0.2222222222222222,1.7083333333333333,0.2083333333333333,0.8687167763710022,0.7789833545684814,0.9956858158111572,0.9989540576934814,loan
106,Assamese-Bengali,পুলি,পোলা,puli,pola,Seedlings,Pola,0.5,0.0,0.0416666666666666,0.0416666666666666,0.5,0.0416666666666666,0.8478764295578003,0.8341131210327148,0.9975156784057616,0.9993168115615844,loan
107,Assamese-Bengali,টাকা,টাং,taka,ʈaŋ,Money,Tang,0.75,0.5,0.265625,0.2916666666666667,2.625,0.2916666666666667,0.8574819564819336,0.6593776941299438,0.9945701956748962,0.9988079667091372,loan
108,Assamese-Bengali,সকলো,সকল,xɔkɔlʊ,ʃɔkɔlɔ,everything,All,0.3333333333333333,0.1666666666666666,0.03125,0.0347222222222222,0.3541666666666667,0.03125,0.8591890335083008,0.6129505038261414,0.998484194278717,0.9996591806411744,loan
109,Assamese-Bengali,মূলা,মূল,mula,mulɔ,Radish,Original,0.25,0.0,0.0416666666666666,0.0416666666666666,0.4375,0.0416666666666666,0.8856847882270813,0.7643348574638367,0.996026575565338,0.9989297389984132,loan
110,Assamese-Bengali,মুঠি,মুঠো,mutʰi,muʈʰo,Fist,Fist,0.4,0.0,0.0416666666666666,0.0416666666666666,0.5,0.0416666666666666,0.9705567955970764,0.8505887389183044,0.9991241693496704,0.9988970160484314,loan
111,Assamese-Bengali,সেকা,শিক্ষা,xɛka,ʃikkʰa,Seka,Education,0.6666666666666666,0.4,0.225,0.25,1.925,0.2458333333333333,0.7106099128723145,0.702793300151825,0.9992548823356628,0.9987678527832032,loan
112,Assamese-Bengali,বিলৈ,বিলাই,bilɔɪ,bilai,to the b,distribute,0.4,0.0,0.0416666666666666,0.0416666666666666,0.4,0.0416666666666666,0.9255531430244446,0.7917198538780212,0.9998945593833924,0.9990482330322266,loan
113,Assamese-Bengali,ফেঁচা,পেঁচা,pʰɛ̃sa,pẽt͡ɕa,owl,Owl,0.6666666666666666,0.5,0.0729166666666666,0.0729166666666666,0.8125,0.0729166666666666,0.934483528137207,0.8860794305801392,0.9991944432258606,0.9971289634704592,loan
114,Assamese-Bengali,পানী,পানি,pani,pan̪i,water,Water,0.2,0.0,0.0104166666666666,0.0104166666666666,0.0625,0.0104166666666666,0.874058187007904,0.5155227184295654,0.9997437000274658,0.999796450138092,loan
115,Assamese-Bengali,মাখি,মাক্‌খি,makʰi,mak‌kʰi,Flies,Makkhi,0.2857142857142857,0.2,0.1791666666666666,0.2,1.45,0.2,0.9201051592826844,0.6954079270362854,0.995045840740204,0.9991146326065063,loan
116,Assamese-Bengali,পিন্ধ,পিন্ধা,pindʰɔ,pin̪d̪ʱa,Wear,wear,0.5,0.0,0.0583333333333333,0.0583333333333333,0.5,0.0583333333333333,0.9421589374542236,0.8553645014762878,0.9981739521026612,0.9985084533691406,loan
117,Assamese-Bengali,গোল,গোলন্দাজ,gʊl,ɡolɔn̪d̪ad͡ʑ,Round,Gunner,0.9166666666666666,0.75,0.6901041666666666,0.7604166666666666,5.53125,0.7604166666666666,0.9011051058769226,0.5969241261482239,0.999165177345276,0.998820662498474,loan
118,Assamese-Bengali,চন্দ্ৰ,চাঁদ,sɔndɹɔ,t͡ɕãd̪ɔ,moon,The moon,0.7142857142857143,0.6666666666666666,0.3819444444444444,0.4097222222222222,3.2916666666666665,0.4097222222222222,0.6422774195671082,0.6260114312171936,0.9995129108428956,0.999448537826538,loan
119,Assamese-Bengali,আঁঠু,আঁডু,ãtʰu,ãɖu,knee,Andu,0.5,0.0,0.0416666666666666,0.0416666666666666,0.3333333333333333,0.0416666666666666,0.951184332370758,0.8969002366065979,0.9993069767951964,0.99659526348114,loan
120,Assamese-Bengali,চন্দ্ৰ,চান,sɔndɹɔ,t͡ɕan̪,moon,Want,1.0,0.6666666666666666,0.5243055555555556,0.5694444444444445,4.416666666666667,0.5694444444444445,0.7921643257141113,0.5392808318138123,0.9997260570526124,0.9994622468948364,loan
121,Assamese-Bengali,চান্দ,চাঁদ,sandɔ,t͡ɕãd̪ɔ,Chand,The moon,0.7142857142857143,0.6,0.2416666666666666,0.2583333333333333,2.15,0.2583333333333333,0.670285701751709,0.7093121409416199,0.9996283054351808,0.998173177242279,loan
122,Assamese-Bengali,কটা,কাটা,kɔta,kaʈa,Brown,Cut,0.5,0.0,0.0520833333333333,0.0520833333333333,0.5625,0.0520833333333333,0.8894683718681335,0.7949224710464478,0.9991358518600464,0.9998701810836792,loan
123,Assamese-Bengali,শিকা,শেখা,xika,ʃekʰa,learn,Learning,0.6,0.25,0.0572916666666666,0.0624999999999999,0.59375,0.0572916666666666,0.9178355932235718,0.7373245358467102,0.9989607930183412,0.997456669807434,loan
124,Assamese-Bengali,ঠেং,টাং,tʰɛŋ,ʈaŋ,The tail,Tang,0.75,0.0,0.0555555555555555,0.0555555555555555,0.5,0.0555555555555555,0.923363208770752,0.7595398426055908,0.9943366050720216,0.9986478090286256,loan
125,Assamese-Bengali,আঠ,আট,atʰ,aʈɔ,eight,Eight,0.6666666666666666,0.3333333333333333,0.3263888888888889,0.3611111111111111,2.6666666666666665,0.3611111111111111,0.9249215722084044,0.8258133530616759,0.9993523359298706,0.999338150024414,loan
126,Assamese-Bengali,পদুম,পদ্ম,pɔdum,pɔd̪mɔ,The lotus,Lotus,0.3333333333333333,0.4,0.1416666666666666,0.1583333333333333,2.95,0.1416666666666666,0.9171613454818726,0.7022776603698729,0.9960227012634276,0.999790608882904,loan
127,Assamese-Bengali,ভাৰত,ভারত,bʰaɹɔtɔ,bʱarɔt̪ɔ,India,India,0.375,0.0,0.0416666666666666,0.0555555555555555,0.6666666666666666,0.0416666666666666,0.5586695075035095,0.6012166738510132,0.9992306232452391,0.9996228218078612,loan
128,Assamese-Bengali,মাই,মেয়ে,mai,mee̯e,My,Girl,0.8,0.25,0.2447916666666666,0.2708333333333333,2.0625,0.2708333333333333,0.8212466835975647,0.6836138963699341,0.9973406195640564,0.9996691346168518,loan
129,Assamese-Bengali,মিঠা,মিডা,mitʰa,miɖa,sweet,Mida,0.4,0.0,0.03125,0.03125,0.25,0.03125,0.9182248711586,0.7377061247825623,0.9941669702529908,0.998831272125244,loan
130,Assamese-Bengali,টাকা,ঠেং,taka,ʈʰeŋ,Money,The tail,1.0,0.5,0.2864583333333333,0.3125,2.8125,0.3125,0.8406547904014587,0.7046963572502136,0.999825358390808,0.9995654821395874,loan
131,Assamese-Bengali,ময়ূৰ,ময়ূর,mɔjuɹ,me̯ur,The peacock,Peacock,0.6,0.2,0.2291666666666666,0.275,2.325,0.25,0.9598639607429504,0.8877910375595093,0.998548686504364,0.9941383600234984,loan
132,Assamese-Bengali,মিঠা,মিষ্টি,mitʰa,miʃʈi,sweet,Sweet,0.6,0.2,0.2166666666666666,0.2333333333333333,1.8,0.2333333333333333,0.9193034172058104,0.7564688920974731,0.9997416138648988,0.9998071789741516,loan
133,Assamese-Bengali,পখিলা,পাখ,pɔkʰila,pakʰ,butterfly,Wings,0.5714285714285714,0.5,0.4791666666666667,0.5277777777777778,3.9166666666666665,0.5277777777777778,0.9007573127746582,0.73451167345047,0.9972369074821472,0.9982947707176208,loan
134,Assamese-Bengali,দহ,দশ,dɔɦɔ,d̪ɔʃɔ,ten,Ten,0.4,0.25,0.046875,0.0520833333333333,0.78125,0.046875,0.7505300045013428,0.7146177291870117,0.9970834851264954,0.9997316598892212,loan
135,Assamese-Bengali,গুলী,গোলন্দাজ,guli,ɡolɔn̪d̪ad͡ʑ,The bullet,Gunner,0.9166666666666666,0.625,0.5885416666666666,0.6458333333333333,4.78125,0.6458333333333333,0.8878576755523682,0.6805691719055176,0.9993898272514344,0.9987809062004088,loan
136,Assamese-Bengali,ধোঁৱা,ধুমা,dʰʊ̃wa,d̪ʱuma,smoke,Smoke,0.6666666666666666,0.25,0.125,0.125,1.8125,0.125,0.8574726581573486,0.6209644079208374,0.9959573149681092,0.9967851042747498,loan
137,Assamese-Bengali,সাগৰ,সাগর,xagɔɹɔ,ʃaɡɔrɔ,sea,The sea,0.5,0.3333333333333333,0.2013888888888889,0.2361111111111111,2.0625,0.21875,0.9098708629608154,0.6199463605880737,0.997622847557068,0.9996339678764344,loan
138,Assamese-Bengali,আক,এক,ak,ek,Let's go,One,0.5,0.0,0.0208333333333333,0.0208333333333333,0.25,0.0208333333333333,0.8890814781188965,0.5527715682983398,0.998489499092102,0.9987487196922302,loan
139,Assamese-Bengali,মাজ,মাঝ,maz,mad͡ʑʱɔ,middle,The middle,0.7142857142857143,0.5,0.2760416666666667,0.3020833333333333,2.5,0.3020833333333333,0.8717432618141174,0.7725399136543274,0.9994203448295592,0.9990211129188538,loan
140,Assamese-Bengali,ৰাং,রঙ,ɹaŋ,rɔŋɔ,Rang,Color,0.75,0.25,0.3072916666666667,0.3541666666666666,3.125,0.3333333333333333,0.8286209106445312,0.5637978911399841,0.9967175126075744,0.9988482594490052,loan
141,Assamese-Bengali,ৰঙা,রঙ,ɹɔŋa,rɔŋɔ,red,Color,0.5,0.0,0.0833333333333333,0.1041666666666666,1.3125,0.0833333333333333,0.8864849805831909,0.5028936266899109,0.9999226927757264,0.9995223879814148,loan
142,Assamese-Bengali,ঘমা,ঘামা,gʱɔma,gʱama,Sweat,Sweat,0.2,0.0,0.0555555555555555,0.0555555555555555,0.5833333333333334,0.0555555555555555,0.9560906887054444,0.7798190116882324,0.9955426454544068,0.9992213845252992,loan
143,Bengali-Assamese,টাকা,ঠেং,ʈaka,tʰɛŋ,Money,The tail,1.0,0.5,0.296875,0.3229166666666666,2.875,0.3229166666666666,0.8406712412834167,0.7046963572502136,0.9998712539672852,0.99971342086792,loan
144,Bengali-Assamese,পাখা,পখিলা,pakʰa,pɔkʰila,Fan,butterfly,0.4285714285714285,0.3333333333333333,0.3298611111111111,0.3611111111111111,2.708333333333333,0.3611111111111111,0.9062556028366088,0.7222570180892944,0.996492862701416,0.9976766109466552,loan
145,Bengali-Assamese,পুস্তক,পুথি,puʃt̪ɔkɔ,putʰi,Books,The book,0.625,0.4285714285714285,0.4226190476190476,0.4642857142857142,3.4285714285714284,0.4642857142857142,0.8974051475524902,0.7744677662849426,0.9980137348175048,0.9990475177764891,loan
146,Bengali-Assamese,চাকা,চাকি,t͡ɕaka,saki,The wheel,Candles,0.6666666666666666,0.25,0.0729166666666666,0.0729166666666666,0.9375,0.0729166666666666,0.9008547067642212,0.8774087429046631,0.9993141293525696,0.99897438287735,loan
147,Bengali-Assamese,ধুমা,ধোঁৱা,d̪ʱuma,dʰʊ̃wa,Smoke,smoke,0.6666666666666666,0.25,0.125,0.125,1.8125,0.125,0.8575562238693237,0.6209644079208374,0.9957779049873352,0.9967819452285768,loan
148,Bengali-Assamese,রাং,ৰঙা,raŋ,ɹɔŋa,Rang,red,0.75,0.25,0.3072916666666667,0.3541666666666666,3.125,0.3333333333333333,0.8415209054946899,0.7465512156486511,0.9981495141983032,0.9991858601570128,loan
149,Bengali-Assamese,রং,ৰঙা,rɔŋ,ɹɔŋa,Color,red,0.5,0.25,0.265625,0.3125,2.6875,0.2916666666666667,0.8917655348777771,0.6174232363700867,0.999808132648468,0.9997353553771972,loan
150,Bengali-Assamese,হৃদয়,হিয়া,ɦɽid̪e̯ɔ,ɦija,Heart,Heart,0.75,0.3333333333333333,0.3333333333333333,0.3819444444444444,2.8541666666666665,0.375,0.906637728214264,0.7157903909683228,0.997828483581543,0.9984011650085448,loan
151,Bengali-Assamese,শনিবার,শনিবাৰ,ʃɔn̪ibar,xɔnibaɹ,Saturday,Saturday,0.375,0.1428571428571428,0.0505952380952379,0.0654761904761904,0.7678571428571429,0.0505952380952379,0.9038005471229552,0.7697734236717224,0.9991546869277954,0.9988214373588562,loan
152,Bengali-Assamese,আঁই,আমি,ãi,ami,I am,I,0.6666666666666666,0.6666666666666666,0.3125,0.3472222222222222,2.583333333333333,0.3472222222222222,0.6826938390731812,0.6302908062934875,0.9957574605941772,0.9994022846221924,loan
153,Bengali-Assamese,বিছা,বৃশ্চিক,bit͡ɕʰa,bɽixsik,Scorpion,Scorpio,0.8571428571428571,0.4285714285714285,0.4226190476190476,0.4761904761904762,3.6607142857142856,0.4732142857142857,0.8724762201309204,0.5005213618278503,0.997929573059082,0.9963505268096924,loan
154,Bengali-Assamese,রঙ,ৰঙা,rɔŋɔ,ɹɔŋa,Color,red,0.5,0.0,0.0833333333333333,0.1041666666666666,1.3125,0.0833333333333333,0.8864456415176392,0.5028936266899109,0.999884843826294,0.9995458722114564,loan
155,Bengali-Assamese,বাঙালি,বঙালী,baŋali,bɔŋali,Bengali,Bengali,0.1666666666666666,0.0,0.0277777777777777,0.0277777777777777,0.2916666666666667,0.0277777777777777,0.3751540184020996,0.6175673604011536,0.9975508451461792,0.9996511340141296,loan
156,Bengali-Assamese,ব্যাকরণ,ব্যাকৰণ,bækɔrɔnɔ,biakɔɹɔnɔ,Grammar,Grammar,0.3333333333333333,0.1111111111111111,0.1180555555555555,0.1388888888888889,1.1944444444444444,0.1296296296296296,0.9287500381469728,0.7855126261711121,0.9972367286682128,0.9997718334197998,loan
157,Bengali-Assamese,পানীয়,পানী,pan̪ie̯,pani,Drinks,water,0.4285714285714285,0.2,0.1875,0.2083333333333333,1.5,0.2083333333333333,0.8847596049308777,0.7102280855178833,0.9993414282798768,0.999694526195526,loan
158,Bengali-Assamese,গোসাঁই,গোহাঁই,ɡoʃãi,gʊɦãi,Gosain,Gohain,0.6,0.5,0.225,0.25,2.175,0.2458333333333333,0.9709685444831848,0.915464162826538,0.9934029579162598,0.997368574142456,loan
159,Bengali-Assamese,রসুন,লহুন,rɔʃun̪,lɔɦun,Garlic,Blood,0.5,0.2,0.0625,0.0833333333333333,0.925,0.0625,0.9332491159439088,0.7399226427078247,0.995387315750122,0.9978988766670228,loan
160,Bengali-Assamese,পেঁচা,ফেঁচা,pẽt͡ɕa,pʰɛ̃sa,Owl,owl,0.6666666666666666,0.5,0.0729166666666666,0.0729166666666666,0.8125,0.0729166666666666,0.934528946876526,0.8860794305801392,0.9998825192451476,0.9971043467521667,loan
161,Bengali-Assamese,ক্রিয়া,ক্ৰিয়া,krie̯a,kɹija,Verbs,Action,0.5,0.0,0.05,0.075,0.875,0.05,0.8471569418907166,0.8596051931381226,0.9990290403366088,0.9997227191925048,loan
162,Bengali-Assamese,শ্রীবৃক্ষ,শ্রী,ʃribɽikkʰɔ,xɹi,Srivriksha,Mr.,0.9,0.7777777777777778,0.625,0.7129629629629629,5.402777777777778,0.7013888888888888,0.923100769519806,0.8254263401031494,0.9990934133529664,0.99675452709198,loan
163,Bengali-Assamese,রাষ্ট্র,ৰাষ্ট্ৰ,raʃʈrɔ,ɹaxtɹɔ,State,The State,0.6666666666666666,0.1666666666666666,0.0868055555555555,0.1180555555555555,1.5208333333333333,0.0868055555555555,0.6162120699882507,0.776870846748352,0.9994131922721864,0.9995197057724,loan
164,Bengali-Assamese,ধোঁয়া,ধোঁৱা,d̪ʱõe̯a,dʰʊ̃wa,Smoke,smoke,0.7142857142857143,0.25,0.09375,0.1041666666666666,0.90625,0.09375,0.9282607436180116,0.8177294135093689,0.9990584254264832,0.996139109134674,loan
165,Bengali-Assamese,বিলাই,বিলৈ,bilai,bilɔɪ,distribute,to the b,0.4,0.0,0.0416666666666666,0.0416666666666666,0.4,0.0416666666666666,0.9255444407463074,0.7917198538780212,0.9979951977729796,0.9992635250091552,loan
166,Bengali-Assamese,ঘামা,ঘমা,gʱama,gʱɔma,Sweat,Sweat,0.2,0.0,0.0555555555555555,0.0555555555555555,0.5833333333333334,0.0555555555555555,0.956143081188202,0.7797563076019287,0.9953811764717102,0.9992560148239136,loan
167,Bengali-Assamese,সমানে,সমান,ʃɔman̪e,xɔman,Equally,Equal,0.4285714285714285,0.3333333333333333,0.1805555555555555,0.2013888888888888,1.5208333333333333,0.1979166666666666,0.9138569831848145,0.6732140779495239,0.9997180700302124,0.9999338388442992,loan
168,Bengali-Assamese,বাঙ্গালী,বঙালী,baŋɡali,bɔŋali,Bengali,Bengali,0.2857142857142857,0.1428571428571428,0.1517857142857142,0.1666666666666666,1.2857142857142858,0.1666666666666666,0.8913791179656982,0.7569032311439514,0.9968783259391784,0.999496042728424,loan
169,Bengali-Assamese,সকল,সকলো,ʃɔkɔlɔ,xɔkɔlʊ,All,everything,0.3333333333333333,0.1666666666666666,0.03125,0.0347222222222222,0.3541666666666667,0.03125,0.8591930270195007,0.6129505038261414,0.9986029863357544,0.9997997879981996,loan
170,Bengali-Assamese,পোলা,পোনা,pola,pʊna,Pola,Pona,0.5,0.25,0.0520833333333333,0.0520833333333333,0.6875,0.0520833333333333,0.8651217222213745,0.8859043121337891,0.9992961883544922,0.9995555877685548,loan
171,Bengali-Assamese,রচনা,ৰচনা,rɔt͡ɕɔn̪a,ɹɔsɔna,Composition,essay,0.5555555555555556,0.1666666666666666,0.0694444444444444,0.0833333333333333,1.0833333333333333,0.0694444444444444,0.8092112541198729,0.5042888522148132,0.9980751872062684,0.9993658661842346,loan
172,Bengali-Assamese,ক্যা,কি,kæ,ki,Kya,What?,0.5,0.0,0.0416666666666666,0.0416666666666666,0.5,0.0416666666666666,0.9082298874855042,0.5702677965164185,0.9985992312431335,0.9986684918403624,loan
173,Bengali-Assamese,গোসাঁই,গোসাঞি,ɡoʃãi,gʊxani,Gosain,Gosani,0.8333333333333334,0.4,0.225,0.2666666666666666,3.475,0.225,0.8479737639427185,0.8325374126434326,0.9970019459724426,0.9974125623703004,loan
174,Bengali-Assamese,একলা,আক,ekɔla,ak,Alone,Let's go,0.8,0.6,0.55,0.6083333333333334,4.45,0.6083333333333334,0.8948835134506226,0.6733882427215576,0.9975243806838988,0.9995970129966736,loan
175,Bengali-Assamese,আগুন,আগুনি,aɡun̪,aguni,Fire,Fire,0.4,0.5,0.2604166666666667,0.3020833333333333,3.6875,0.2604166666666667,0.9376502633094788,0.7323889732360841,0.9967944622039796,0.9989305138587952,loan
176,Bengali-Assamese,গলা,গেলা,ɡɔla,gɛla,Throat,Swallow,0.5,0.25,0.2447916666666666,0.2708333333333333,2.0625,0.2708333333333333,0.8861059546470642,0.8586688041687012,0.995742678642273,0.9984439015388488,loan
177,Bengali-Assamese,বোন,ভনী,bon̪,bʰɔni,Sister,Sister,0.6,0.25,0.2552083333333333,0.28125,2.0,0.28125,0.8794268369674683,0.6391738057136536,0.9987924098968506,0.998830497264862,loan
178,Bengali-Assamese,ডিম,ডিমা,ɖim,dima,Eggs,Dima,0.5,0.25,0.234375,0.2604166666666667,1.9375,0.2604166666666667,0.941066563129425,0.7239173650741577,0.9991559386253356,0.9995768070220948,loan
179,Bengali-Assamese,টাং,টকা,ʈaŋ,tɔka,Tang,Money,1.0,0.5,0.3072916666666667,0.3333333333333333,3.0625,0.3333333333333333,0.922393560409546,0.7524515390396118,0.9944295287132264,0.998595416545868,loan
180,Bengali-Assamese,কালি,কলা,kali,kɔla,yesterday,Banana,0.5,0.0,0.0625,0.0625,0.6875,0.0625,0.9034227728843688,0.6169573664665222,0.9995030760765076,0.9997470378875732,loan
181,Bengali-Assamese,মিষ্টি,মিঠা,miʃʈi,mitʰa,Sweet,sweet,0.6,0.2,0.2166666666666666,0.2333333333333333,1.8,0.2333333333333333,0.919335961341858,0.7564688920974731,0.9998039603233336,0.9998735785484314,loan
182,Bengali-Assamese,কেলা,কল,kela,kɔlɔ,The banana,Call,0.5,0.0,0.0729166666666666,0.0729166666666666,0.75,0.0729166666666666,0.8934944868087769,0.6917720437049866,0.9981193542480468,0.9988906383514404,loan
183,Bengali-Assamese,চাকা,চকা,t͡ɕaka,sɔka,The wheel,wheel,0.6666666666666666,0.25,0.09375,0.09375,1.125,0.09375,0.9170738458633424,0.6538639664649963,0.9940504431724548,0.9986380338668824,loan
184,Bengali-Assamese,মাঝ,মাজ,mad͡ʑʱɔ,maz,The middle,middle,0.7142857142857143,0.5,0.2760416666666667,0.3020833333333333,2.5,0.3020833333333333,0.8717370629310608,0.7725399136543274,0.9995205998420716,0.999231219291687,loan
185,Bengali-Assamese,সাঁঝ,সন্ধিয়া,ʃãd͡ʑʱɔ,xɔndʰija,Evening,evening,0.875,0.7142857142857143,0.4851190476190475,0.5297619047619048,4.196428571428571,0.5238095238095237,0.8823370337486267,0.6917768120765686,0.9995204210281372,0.99788236618042,loan
186,Bengali-Assamese,দশ,দহ,d̪ɔʃɔ,dɔɦɔ,Ten,ten,0.4,0.25,0.046875,0.0520833333333333,0.78125,0.046875,0.7506017684936523,0.7146177291870117,0.997585654258728,0.9999116659164428,loan
187,Bengali-Assamese,দ্বার,দুৱাৰ,d̪ar,duwaɹ,The door,The door,0.6,0.4,0.4,0.4583333333333333,3.65,0.4416666666666667,0.8241644501686096,0.6474062204360962,0.9959153532981871,0.999557614326477,loan
188,Bengali-Assamese,কর্ণ,কাণ,kɔrnɔ,kan,Ears,ear,0.6,0.4,0.3791666666666667,0.4333333333333334,3.25,0.4333333333333334,0.8981475830078125,0.6354708671569824,0.9983383417129515,0.9998177289962769,loan
189,Bengali-Assamese,মাংস,মঙহ,maŋʃɔ,mɔŋɔɦɔ,Meat,Meat,0.5,0.3333333333333333,0.2013888888888888,0.2222222222222222,1.9791666666666667,0.21875,0.8670836091041565,0.6738026142120361,0.994582176208496,0.9981366991996764,loan
190,Bengali-Assamese,মঙ্গলবার,মঙলবাৰ,mɔŋɡɔlɔbar,mɔŋɔlɔbaɹ,Tuesday,It's Tuesday,0.2,0.1,0.10625,0.125,1.075,0.1166666666666666,0.9409561157226562,0.7156404852867126,0.9989970326423644,0.9939380288124084,loan
191,Bengali-Assamese,গোলন্দাজ,গুলী,ɡolɔn̪d̪ad͡ʑ,guli,Gunner,The bullet,0.9166666666666666,0.625,0.5885416666666666,0.6458333333333333,4.78125,0.6458333333333333,0.8877713084220886,0.6805691719055176,0.9993017315864564,0.9990644454956056,loan
192,Bengali-Assamese,চাঁদ,চন্দ্ৰ,t͡ɕãd̪ɔ,sɔndɹɔ,The moon,moon,0.7142857142857143,0.6666666666666666,0.3819444444444444,0.4097222222222222,3.2916666666666665,0.4097222222222222,0.6422404050827026,0.6260114312171936,0.9995121359825134,0.9995593428611756,loan
193,Bengali-Assamese,গোলন্দাজ,গোল,ɡolɔn̪d̪ad͡ʑ,gʊl,Gunner,Round,0.9166666666666666,0.75,0.6901041666666666,0.7604166666666666,5.53125,0.7604166666666666,0.9010777473449708,0.5969241261482239,0.9991894960403442,0.998831868171692,loan
194,Bengali-Assamese,ঠেং,টকা,ʈʰeŋ,tɔka,The tail,Money,1.0,0.5,0.3072916666666667,0.3333333333333333,3.0,0.3333333333333333,0.8931647539138794,0.6810374855995178,0.999870538711548,0.9997710585594176,loan
195,Bengali-Assamese,মাহই,মাকৈ,maɦi,makɔɪ,Mahi,corn,0.6,0.4,0.2291666666666666,0.25,2.35,0.25,0.9283347725868224,0.7995784282684326,0.9950729608535768,0.9992089867591858,loan
196,Bengali-Assamese,বিষ,বিহ,biʃ,biɦ,Poison,poison,0.3333333333333333,0.3333333333333333,0.0486111111111111,0.0555555555555555,0.9583333333333334,0.0486111111111111,0.5553889870643616,0.698030948638916,0.9983131289482116,0.9989370703697203,loan
197,Bengali-Assamese,চাঁদ,চান,t͡ɕãd̪ɔ,san,The moon,Want,1.0,0.6666666666666666,0.3177083333333333,0.34375,3.3125,0.34375,0.6763067841529846,0.6655839085578918,0.9994673728942872,0.9998568296432496,loan
198,Bengali-Assamese,আগুন,অগ্নি,aɡun̪,ɔgni,Fire,Fire,0.8,0.5,0.3697916666666666,0.3958333333333333,3.78125,0.390625,0.8255570530891418,0.5275846719741821,0.99960196018219,0.9995914697647096,loan
199,Bengali-Assamese,পুরুষ,পুৰুষ,puruʃ,puɹux,Men,male,0.4,0.2,0.0625,0.0833333333333333,1.025,0.0625,0.7637915015220642,0.6749327182769775,0.9985501766204834,0.9994471669197084,loan
200,Bengali-Assamese,টাং,ঠেং,ʈaŋ,tʰɛŋ,Tang,The tail,0.75,0.0,0.0555555555555555,0.0555555555555555,0.5,0.0555555555555555,0.9233680963516236,0.7595398426055908,0.994210720062256,0.9985857009887696,loan
201,Bengali-Assamese,কলা,কালি,kɔla,kali,Banana,yesterday,0.5,0.0,0.0625,0.0625,0.6875,0.0625,0.903418242931366,0.6169573664665222,0.9983595609664916,0.9997470378875732,loan
202,Bengali-Assamese,রউন,লহুন,run̪,lɔɦun,Rune,Blood,0.8,0.4,0.3916666666666667,0.4499999999999999,3.25,0.4333333333333333,0.8782338500022888,0.6840513944625854,0.9979214668273926,0.9985237121582032,loan
203,Bengali-Assamese,শিক্ষা,শিকোৱা,ʃikkʰa,xikʊwa,Education,teaching,0.5,0.5,0.2222222222222222,0.2430555555555555,2.5625,0.2395833333333333,0.6288771033287048,0.8629765510559082,0.9995664358139038,0.9981316328048706,loan
204,Bengali-Assamese,ঘড়ি,ঘড়ী,gʱɔɽi,gʱɔɹi,The clock,clock,0.2,0.0,0.0694444444444444,0.0972222222222222,1.3333333333333333,0.0694444444444444,0.8858524560928345,0.8825657963752747,0.9984705448150636,0.9981032609939576,loan
205,Bengali-Assamese,কাটা,কটা,kaʈa,kɔta,Cut,Brown,0.5,0.0,0.0520833333333333,0.0520833333333333,0.5625,0.0520833333333333,0.8894707560539246,0.7949224710464478,0.9987289309501648,0.9999239444732666,loan
206,Bengali-Assamese,একলা,এক,ekɔla,ɛk,Alone,One,0.8,0.6,0.55,0.6083333333333334,4.4,0.6083333333333334,0.920540452003479,0.628900945186615,0.9972365498542786,0.999457597732544,loan
207,Bengali-Assamese,প্রাচীন,প্ৰাচীন,prat͡ɕin̪,pɹasin,Ancient,Ancient,0.5555555555555556,0.1666666666666666,0.0694444444444444,0.0833333333333333,1.0833333333333333,0.0694444444444444,0.7735397219657898,0.8392791152000427,0.9994256496429444,0.9998411536216736,loan
208,Bengali-Assamese,মহিষ,মৈহ,mɔɦiʃ,mɔɪɦ,The buffalo,Maih,0.6,0.4,0.2166666666666666,0.2416666666666667,2.075,0.2375,0.9326840043067932,0.6959085464477539,0.996176779270172,0.9989439845085144,loan
209,Bengali-Assamese,শেখা,শিকা,ʃekʰa,xika,Learning,learn,0.6,0.25,0.0572916666666666,0.0624999999999999,0.59375,0.0572916666666666,0.91780424118042,0.7373245358467102,0.998980700969696,0.9981987476348876,loan
210,Bengali-Assamese,ভাজা,ভজা,bʱad͡ʑa,bʰɔza,Fried,Fried,0.7142857142857143,0.25,0.1041666666666666,0.1041666666666666,1.1875,0.1041666666666666,0.9257087707519532,0.8524996042251587,0.999692678451538,0.9981709718704224,loan
211,Bengali-Assamese,এক,আক,ek,ak,One,Let's go,0.5,0.0,0.0208333333333333,0.0208333333333333,0.25,0.0208333333333333,0.889079749584198,0.5527715682983398,0.998238444328308,0.9994404911994934,loan
212,Bengali-Assamese,টেহা,ঠেং,ʈeɦa,tʰɛŋ,Teha,The tail,1.0,0.5,0.296875,0.3229166666666666,2.6875,0.3229166666666666,0.8998747467994691,0.7721473574638367,0.9996964931488036,0.9977763891220092,loan
213,Bengali-Assamese,ভইষ,মৈহ,bʱiʃ,mɔɪɦ,Fear,Maih,1.0,0.75,0.2916666666666667,0.3229166666666667,3.21875,0.3177083333333333,0.915308952331543,0.7369096279144287,0.996982753276825,0.9987319111824036,loan
214,Bengali-Assamese,বোন,বৈনী,bon̪,bɔɪni,Sister,Baini,0.6,0.4,0.375,0.4166666666666667,3.0,0.4166666666666667,0.8483038544654846,0.6940174102783203,0.9980614185333252,0.998159885406494,loan
215,Bengali-Assamese,টাকা,টকা,ʈaka,tɔka,Money,Money,0.5,0.0,0.0520833333333333,0.0520833333333333,0.5625,0.0520833333333333,0.9005182981491089,0.6420102715492249,0.9998943209648132,0.9997738003730774,loan
216,Bengali-Assamese,সাঁচা,সাঁচ,ʃãt͡ɕa,xãsɔ,True,Templates,0.8333333333333334,0.6666666666666666,0.1302083333333333,0.1354166666666666,1.53125,0.1302083333333333,0.9318041205406188,0.8642534017562866,0.9992846250534058,0.9990193247795104,loan
217,Bengali-Assamese,পিন্ধা,পিন্ধ,pin̪d̪ʱa,pindʰɔ,wear,Wear,0.5,0.0,0.0583333333333333,0.0583333333333333,0.5,0.0583333333333333,0.9421563148498536,0.8553645014762878,0.998469054698944,0.9992202520370485,loan
218,Bengali-Assamese,মুঠি,মুঠা,muʈʰi,mutʰa,Fist,A handful,0.4,0.0,0.03125,0.03125,0.375,0.03125,0.9742529392242432,0.803374707698822,0.999466061592102,0.9998363256454468,loan
219,Bengali-Assamese,লবণ,লোণ,lɔbɔnɔ,lʊn,Salt,Salt,0.6666666666666666,0.5,0.4548611111111111,0.5069444444444444,3.7083333333333335,0.5069444444444444,0.9558479785919192,0.8100830316543579,0.9936504364013672,0.9990129470825196,loan
220,Bengali-Assamese,বাঁশ,বঙহ,bãʃɔ,bɔŋɔɦɔ,Bamboo,বংহ,0.6666666666666666,0.6666666666666666,0.3576388888888889,0.3958333333333332,3.270833333333333,0.3923611111111111,0.7762205600738525,0.6661988496780396,0.9946889877319336,0.997875452041626,loan
221,Bengali-Assamese,গলা,গিলা,ɡɔla,gila,Throat,Swallow,0.5,0.25,0.265625,0.2916666666666667,2.25,0.2916666666666667,0.8489834070205688,0.8812142610549927,0.9945656061172484,0.9990975856781006,loan
222,Bengali-Assamese,সাগর,সাগৰ,ʃaɡɔrɔ,xagɔɹɔ,The sea,sea,0.5,0.3333333333333333,0.2013888888888889,0.2361111111111111,2.0625,0.21875,0.9098082184791564,0.6199463605880737,0.9982478618621826,0.99965238571167,loan
223,Bengali-Assamese,চৈত,চ’ত,t͡ɕojt̪,sɔ’tɔ,Chait,Four,0.8571428571428571,0.75,0.2395833333333333,0.2604166666666666,4.4375,0.2395833333333333,0.8171337842941284,0.7070775628089905,0.9958525896072388,0.9981660842895508,loan
224,Bengali-Assamese,রবিবার,ৰবিবাৰ,rɔbibar,ɹɔbibaɹ,Sunday,Sunday,0.2857142857142857,0.0,0.0476190476190476,0.0714285714285714,1.0,0.0476190476190476,0.9009963274002076,0.5882399082183838,0.9957440495491028,0.998779296875,loan
225,Bengali-Assamese,কচুয়া,কচু,kɔt͡ɕue̯a,kɔsu,Kachua,Kachu,0.6666666666666666,0.5,0.3333333333333333,0.3680555555555555,2.875,0.3680555555555555,0.9458222389221193,0.6128230094909668,0.9992462992668152,0.9978020191192628,loan
226,Bengali-Assamese,অবতার,অৱতাৰ,obt̪ar,ɔwtaɹ,Avatar,The incarnation,0.6666666666666666,0.2,0.1083333333333333,0.125,2.2,0.1083333333333333,0.8365944623947144,0.5600199699401855,0.9979119896888732,0.9999068975448608,loan
227,Bengali-Assamese,ডাঙর,দীঘা,ɖaŋɔrɔ,digʱa,Strong,Digha,1.0,0.5,0.4861111111111111,0.548611111111111,4.166666666666667,0.548611111111111,0.9059993624687196,0.710252583026886,0.9956994652748108,0.9986082911491394,loan
228,Bengali-Assamese,হাচা,সঁচা,ɦat͡ɕa,xɔ̃sa,Hacha,true,0.8333333333333334,0.5,0.1458333333333333,0.1458333333333333,2.0625,0.1458333333333333,0.9408886432647704,0.796481728553772,0.9990867972373962,0.9982948899269104,loan
229,Bengali-Assamese,কান,কাণ,kan̪,kan,Ears,ear,0.25,0.0,0.0138888888888888,0.0138888888888888,0.0833333333333333,0.0138888888888888,0.9265992641448976,0.7102300524711609,0.9995654821395874,0.99965637922287,loan
230,Bengali-Assamese,পানি,পানী,pan̪i,pani,Water,water,0.2,0.0,0.0104166666666666,0.0104166666666666,0.0625,0.0104166666666666,0.8740530014038086,0.5155227184295654,0.9997966885566713,0.9998727440834044,loan
231,Bengali-Assamese,ডাঙর,দীঘল,ɖaŋɔrɔ,digʱɔlɔ,Strong,long,0.7142857142857143,0.1666666666666666,0.1909722222222222,0.2222222222222222,1.7083333333333333,0.2083333333333333,0.8686918020248413,0.7789833545684814,0.9949182271957396,0.9990085363388062,loan
232,Bengali-Assamese,পোলা,পুলি,pola,puli,Pola,Seedlings,0.5,0.0,0.0416666666666666,0.0416666666666666,0.5,0.0416666666666666,0.8478767275810242,0.8341131210327148,0.9993937611579896,0.9995436668395996,loan
233,Bengali-Assamese,চান,চন্দ্ৰ,t͡ɕan̪,sɔndɹɔ,Want,moon,1.0,0.6666666666666666,0.5243055555555556,0.5694444444444445,4.416666666666667,0.5694444444444445,0.7921640276908875,0.5392808318138123,0.9997757077217102,0.9996286630630492,loan
234,Bengali-Assamese,ব্যবহার,ব্যৱহাৰ,bd͡zɔbɔɦar,bzɔwɔɦaɹ,Use,use,0.4,0.25,0.0677083333333333,0.078125,1.5,0.0677083333333333,0.7761343121528625,0.7378839254379272,0.999733567237854,0.9999045729637146,loan
235,Bengali-Assamese,কাঁচ,কাচ,kãt͡ɕɔ,kas,Glass,Glass,0.8333333333333334,0.6666666666666666,0.2864583333333333,0.3125,2.625,0.3125,0.9645233154296876,0.7861839532852173,0.9999170303344728,0.9992071986198424,loan
236,Bengali-Assamese,শিক্ষা,সেকা,ʃikkʰa,xɛka,Education,Seka,0.6666666666666666,0.4,0.225,0.25,1.925,0.2458333333333333,0.7105836272239685,0.702793300151825,0.9995135068893432,0.9993666410446168,loan
237,Bengali-Assamese,রাং,ৰাং,raŋ,ɹaŋ,Rang,Rang,0.3333333333333333,0.0,0.0555555555555555,0.0833333333333333,1.1666666666666667,0.0555555555555555,0.7888166308403015,0.7213094830513,0.9967042207717896,0.9998509287834167,loan
238,Bengali-Assamese,ঠেং,টাকা,ʈʰeŋ,taka,The tail,Money,1.0,0.5,0.2864583333333333,0.3125,2.8125,0.3125,0.8406369686126709,0.7046963572502136,0.9998494386672974,0.99971342086792,loan
239,Bengali-Assamese,লাউ,লাও,lau,laʊ,Lau,Lao,0.3333333333333333,0.0,0.0277777777777777,0.0277777777777777,0.25,0.0277777777777777,0.826659083366394,0.6765662431716919,0.9953965544700624,0.9998832941055298,loan
240,Bengali-Assamese,নীহারিকা,নিয়ৰ,n̪iɦarika,nijɔɹɔ,Nebula,Snow,0.7777777777777778,0.25,0.3020833333333333,0.3385416666666666,3.03125,0.3281249999999999,0.911912441253662,0.6141657829284668,0.9984842538833618,0.9962207674980164,loan
241,Bengali-Assamese,ভাত,ভকত,bʱat̪,bʰɔkɔtɔ,Rice,The devotee,0.7142857142857143,0.5,0.4895833333333333,0.5416666666666666,4.0,0.5416666666666666,0.91959410905838,0.8067938685417175,0.994637668132782,0.9988107085227966,loan
242,Bengali-Assamese,কাছ,কাছু,kat͡ɕʰ,kasu,Near,Something,0.6666666666666666,0.5,0.2864583333333333,0.3125,2.5625,0.3125,0.8759958148002625,0.5198234915733337,0.997450351715088,0.9989177584648132,loan
243,Bengali-Assamese,উত্তর,উত্তৰ,ut̪t̪ɔrɔ,uttɔɹɔ,The answer,answer,0.375,0.0,0.0416666666666666,0.0555555555555555,0.6666666666666666,0.0416666666666666,0.6989109516143799,0.7647960782051086,0.9987307786941528,0.9997950196266174,loan
244,Bengali-Assamese,চাঁদ,চান্দ,t͡ɕãd̪ɔ,sandɔ,The moon,Chand,0.7142857142857143,0.6,0.2416666666666666,0.2583333333333333,2.15,0.2583333333333333,0.6702802181243896,0.7093121409416199,0.9992340207099916,0.9977596402168274,loan
245,Bengali-Assamese,ময়ূর,ময়ূৰ,me̯ur,mɔjuɹ,Peacock,The peacock,0.6,0.2,0.2291666666666666,0.275,2.325,0.25,0.9598557353019714,0.8877910375595093,0.9986292123794556,0.9979286193847656,loan
246,Bengali-Assamese,পোলা,পোৱালী,pola,pʊwali,Pola,The puppy,0.6666666666666666,0.3333333333333333,0.3263888888888889,0.3611111111111111,2.708333333333333,0.3611111111111111,0.8481736779212952,0.7823452949523926,0.9990522265434264,0.9991437792778016,loan
247,Bengali-Assamese,টাং,টাকা,ʈaŋ,taka,Tang,Money,0.75,0.5,0.265625,0.2916666666666667,2.625,0.2916666666666667,0.857474684715271,0.6593776941299438,0.994564175605774,0.9987215995788574,loan
248,Bengali-Assamese,মকাই,মাকৈ,mɔkai,makɔɪ,Maize,corn,0.6,0.0,0.075,0.075,0.75,0.075,0.929186463356018,0.7862934470176697,0.9990164041519164,0.9991160035133362,loan
249,Bengali-Assamese,রঙ,ৰাং,rɔŋɔ,ɹaŋ,Color,Rang,0.75,0.25,0.3072916666666667,0.3541666666666666,3.125,0.3333333333333333,0.8287330865859985,0.5637978911399841,0.995685577392578,0.9994035959243774,loan
250,Bengali-Assamese,অঙ্ক,অংক,oŋkɔ,ɔŋkɔ,The numbers,Math,0.25,0.0,0.0104166666666666,0.0104166666666666,0.0625,0.0104166666666666,0.9459299445152284,0.6664331555366516,0.9996384978294371,0.9996601343154908,loan
251,Bengali-Assamese,হক্কল,সকলো,ɦɔkkɔlɔ,xɔkɔlʊ,Haqkal,everything,0.4285714285714285,0.2857142857142857,0.1577380952380952,0.1726190476190476,1.5714285714285714,0.1726190476190476,0.8395646810531616,0.6777084469795227,0.9973053336143494,0.9983339905738832,loan
252,Bengali-Assamese,অংশু,আঁহ,oŋʃu,ãɦɔ,Anshu,Fiber,1.0,0.75,0.3333333333333333,0.3645833333333333,3.25,0.359375,0.8699359297752379,0.8259573578834534,0.998445987701416,0.9988382458686828,loan
253,Bengali-Assamese,চাকা,চকৰ,t͡ɕaka,sɔkɔɹɔ,The wheel,Chakar,1.0,0.5,0.3923611111111111,0.4236111111111111,3.458333333333333,0.4236111111111111,0.8251141905784607,0.5943693518638611,0.9984626173973083,0.9984450936317444,loan
254,Bengali-Assamese,শৈবাল,শেলাই,ʃojbalɔ,xɛlai,Algae,Seams,0.8571428571428571,0.4285714285714285,0.3541666666666666,0.3869047619047618,3.321428571428572,0.3809523809523809,0.8861430287361145,0.7273820638656616,0.9997256398200988,0.9976345896720886,loan
255,Bengali-Assamese,টেহা,টকা,ʈeɦa,tɔka,Teha,Money,0.75,0.25,0.09375,0.09375,1.5,0.09375,0.9031912684440612,0.6383771896362305,0.9997416734695436,0.9976639747619628,loan
256,Bengali-Assamese,গাঁও,গাঁউ,ɡão,gãu,The village,Village,0.6666666666666666,0.5,0.3263888888888889,0.3611111111111111,2.75,0.3611111111111111,0.9386995434761048,0.6215727925300598,0.9992508888244628,0.9970494508743286,loan
257,Bengali-Assamese,মূল,মূলা,mulɔ,mula,Original,Radish,0.25,0.0,0.0416666666666666,0.0416666666666666,0.4375,0.0416666666666666,0.8857015371322632,0.7643348574638367,0.9952539801597596,0.999506413936615,loan
258,Bengali-Assamese,বুধবার,বুধবাৰ,bud̪ʱɔbar,budʰbaɹ,Wednesday,Wednesday,0.4444444444444444,0.1428571428571428,0.1636904761904762,0.1904761904761904,1.6071428571428572,0.1785714285714285,0.9303800463676452,0.6562539339065552,0.9992324113845824,0.9983419179916382,loan
259,Bengali-Assamese,সর্প,সাপ,ʃɔrpɔ,xap,The snake,Snake,0.8,0.6,0.4083333333333334,0.4666666666666666,3.575,0.4625,0.8405085206031799,0.5983121991157532,0.9994945526123048,0.9984334111213684,loan
260,Bengali-Assamese,ডাঙর,দীঘ,ɖaŋɔrɔ,digʱ,Strong,Long,1.0,0.6666666666666666,0.6076388888888891,0.6875,5.083333333333333,0.6875,0.8664206862449646,0.58580082654953,0.9987800121307372,0.9987102150917052,loan
261,Bengali-Assamese,পাখ,পখিলা,pakʰ,pɔkʰila,Wings,butterfly,0.5714285714285714,0.5,0.4791666666666667,0.5277777777777778,3.9166666666666665,0.5277777777777778,0.9007578492164612,0.73451167345047,0.9964842796325684,0.9983633160591124,loan
262,Bengali-Assamese,ভারত,ভাৰত,bʱarɔt̪ɔ,bʰaɹɔtɔ,India,India,0.375,0.0,0.0416666666666666,0.0555555555555555,0.6666666666666666,0.0416666666666666,0.5586551427841187,0.6012166738510132,0.999372124671936,0.9994016885757446,loan
263,Bengali-Assamese,বঙ্গ,বঙালী,bɔŋɡɔ,bɔŋali,Bengal,Bengali,0.5,0.3333333333333333,0.2291666666666667,0.25,2.4375,0.2465277777777778,0.8089133501052856,0.8030872941017151,0.9970715641975404,0.9996148347854614,loan
264,Bengali-Assamese,জানা,জনা,d͡ʑan̪a,zɔna,To know,know,0.7142857142857143,0.25,0.1041666666666666,0.1041666666666666,1.1875,0.1041666666666666,0.9250870943069458,0.5298526287078857,0.9995942115783693,0.9999394416809082,loan
265,Bengali-Assamese,মুঠা,মুঠি,muʈʰa,mutʰi,A handful,Fist,0.4,0.0,0.03125,0.03125,0.375,0.03125,0.974268078804016,0.803374707698822,0.9998869299888612,0.9998363256454468,loan
266,Bengali-Assamese,আষ্ট,আঠ,aʃʈɔ,atʰ,Eight,eight,0.75,0.5,0.4739583333333333,0.5208333333333333,3.8125,0.5208333333333333,0.9084500074386596,0.7435644865036011,0.9991809725761414,0.9986575841903688,loan
267,Bengali-Assamese,মিডা,মিঠা,miɖa,mitʰa,Mida,sweet,0.4,0.0,0.03125,0.03125,0.25,0.03125,0.9181790947914124,0.7377061247825623,0.9940516948699952,0.998827874660492,loan
268,Bengali-Assamese,মেয়ে,মাই,mee̯e,mai,Girl,My,0.8,0.25,0.2447916666666666,0.2708333333333333,2.0625,0.2708333333333333,0.8212424516677856,0.6836138963699341,0.9970778226852416,0.9996458888053894,loan
269,Bengali-Assamese,চান,চান্দ,t͡ɕan̪,sandɔ,Want,Chand,0.8333333333333334,0.6,0.4125,0.45,3.5,0.45,0.8913976550102234,0.6065380573272705,0.9989223480224608,0.9980401992797852,loan
270,Bengali-Assamese,শুখা,শুকান,ʃukʰa,xukan,Dry,dry,0.6,0.4,0.2208333333333333,0.2416666666666666,1.825,0.2375,0.9345176219940186,0.8743311762809753,0.9998862147331238,0.997695803642273,loan
271,Bengali-Assamese,পোষ,পুহ,poʃ,puɦ,Pet,Puh,0.6666666666666666,0.3333333333333333,0.0763888888888889,0.0833333333333333,1.2916666666666667,0.0763888888888889,0.9452218413352966,0.83423912525177,0.9954045414924622,0.9975281953811646,loan
272,Bengali-Assamese,বাংলা,বঙালী,baŋla,bɔŋali,Bengali,Bengali,0.5,0.1666666666666666,0.1909722222222222,0.2083333333333333,1.6666666666666667,0.2083333333333333,0.799769401550293,0.5693972706794739,0.9976062774658204,0.9995523691177368,loan
273,Bengali-Assamese,আট,আঠ,aʈɔ,atʰ,Eight,eight,0.6666666666666666,0.3333333333333333,0.3263888888888889,0.3611111111111111,2.6666666666666665,0.3611111111111111,0.925000548362732,0.8258133530616759,0.999899923801422,0.9993880391120912,loan
274,Bengali-Assamese,মু,মুহ,mu,muɦ,Mu,Muh,0.3333333333333333,0.3333333333333333,0.2986111111111111,0.3333333333333333,2.4166666666666665,0.3333333333333333,0.916244089603424,0.7742176055908203,0.9996878504753112,0.9994243383407592,loan
275,Bengali-Assamese,অগ্নি,আগুনি,oɡn̪i,aguni,Fire,Fire,0.8,0.25,0.1145833333333333,0.125,2.53125,0.1145833333333333,0.9119977951049804,0.7410076856613159,0.9967761635780334,0.9992735981941224,loan
276,Bengali-Assamese,বাউল,বলিয়া,baulɔ,bɔlija,Bowl,Saying,0.8333333333333334,0.1666666666666666,0.2673611111111111,0.2847222222222222,2.7291666666666665,0.28125,0.912964940071106,0.66325843334198,0.9982150793075562,0.9991400241851808,loan
277,Bengali-Assamese,খাদ্য,খানা,kʰad̪d͡zɔ,kʰana,Food,Food,0.6666666666666666,0.4,0.2416666666666666,0.2583333333333333,2.35,0.2583333333333333,0.5379807353019714,0.5878589153289795,0.9985358119010924,0.9997410178184508,loan
278,Bengali-Assamese,ধর্ম,ধৰ্ম,d̪ʱɔrmɔ,dʰɔɹmɔ,Religion,religion,0.4285714285714285,0.0,0.05,0.0666666666666666,0.8,0.05,0.7950743436813354,0.7872741818428041,0.9998170733451844,0.9998734593391418,loan
279,Bengali-Assamese,সন্ধ্যা,সন্ধিয়া,ʃɔn̪d̪ʱæ,xɔndʰija,Evening,evening,0.75,0.4285714285714285,0.2946428571428571,0.3273809523809524,2.4107142857142856,0.3244047619047618,0.9170891642570496,0.8175247311592102,0.9987610578536988,0.9997618198394777,loan
